angular artistic attention-grabbing attractive bad boring calm capitals charming clumsy complex cursive delicate disorderly display dramatic formal fresh friendly gentle graceful happy italic legible modern monospace playful pretentious serif sharp sloppy soft strong technical thin warm wide
replacement/00.png 81 56 52 78 58 59 92 60 73 93 80 96 73 43 14 97 35 85 80 25 91 54 54 4 71 11 92 21 52 66 55 73 27 21 67 34 14
replacement/01.png 81 56 52 78 58 59 92 60 73 93 80 96 73 43 14 97 35 85 80 25 91 54 54 4 71 11 92 21 52 66 55 73 27 21 67 34 14
replacement/02.png 81 56 52 78 58 59 92 60 73 93 80 96 73 43 14 97 35 85 80 25 91 54 54 4 71 11 92 21 52 66 55 73 27 21 67 34 14
replacement/03.png 81 56 52 78 58 59 92 60 73 93 80 96 73 43 14 97 35 85 80 25 91 54 54 4 71 11 92 21 52 66 55 73 27 21 67 34 14
replacement/04.png 81 56 52 78 58 59 92 60 73 93 80 96 73 43 14 97 35 85 80 25 91 54 54 4 71 11 92 21 52 66 55 73 27 21 67 34 14
replacement/05.png 81 56 52 78 58 59 92 60 73 93 80 96 73 43 14 97 35 85 80 25 91 54 54 4 71 11 92 21 52 66 55 73 27 21 67 34 14
replacement/06.png 81 56 52 78 58 59 92 60 73 93 80 96 73 43 14 97 35 85 80 25 91 54 54 4 71 11 92 21 52 66 55 73 27 21 67 34 14
replacement/07.png 81 56 52 78 58 59 92 60 73 93 80 96 73 43 14 97 35 85 80 25 91 54 54 4 71 11 92 21 52 66 55 73 27 21 67 34 14
replacement/08.png 81 56 52 78 58 59 92 60 73 93 80 96 73 43 14 97 35 85 80 25 91 54 54 4 71 11 92 21 52 66 55 73 27 21 67 34 14
replacement/09.png 81 56 52 78 58 59 92 60 73 93 80 96 73 43 14 97 35 85 80 25 91 54 54 4 71 11 92 21 52 66 55 73 27 21 67 34 14
replacement/10.png 81 56 52 78 58 59 92 60 73 93 80 96 73 43 14 97 35 85 80 25 91 54 54 4 71 11 92 21 52 66 55 73 27 21 67 34 14
replacement/11.png 81 56 52 78 58 59 92 60 73 93 80 96 73 43 14 97 35 85 80 25 91 54 54 4 71 11 92 21 52 66 55 73 27 21 67 34 14
replacement/12.png 81 56 52 78 58 59 92 60 73 93 80 96 73 43 14 97 35 85 80 25 91 54 54 4 71 11 92 21 52 66 55 73 27 21 67 34 14
replacement/13.png 81 56 52 78 58 59 92 60 73 93 80 96 73 43 14 97 35 85 80 25 91 54 54 4 71 11 92 21 52 66 55 73 27 21 67 34 14
replacement/14.png 81 56 52 78 58 59 92 60 73 93 80 96 73 43 14 97 35 85 80 25 91 54 54 4 71 11 92 21 52 66 55 73 27 21 67 34 14
replacement/15.png 81 56 52 78 58 59 92 60 73 93 80 96 73 43 14 97 35 85 80 25 91 54 54 4 71 11 92 21 52 66 55 73 27 21 67 34 14
replacement/16.png 81 56 52 78 58 59 92 60 73 93 80 96 73 43 14 97 35 85 80 25 91 54 54 4 71 11 92 21 52 66 55 73 27 21 67 34 14
replacement/17.png 81 56 52 78 58 59 92 60 73 93 80 96 73 43 14 97 35 85 80 25 91 54 54 4 71 11 92 21 52 66 55 73 27 21 67 34 14
replacement/18.png 81 56 52 78 58 59 92 60 73 93 80 96 73 43 14 97 35 85 80 25 91 54 54 4 71 11 92 21 52 66 55 73 27 21 67 34 14
replacement/19.png 81 56 52 78 58 59 92 60 73 93 80 96 73 43 14 97 35 85 80 25 91 54 54 4 71 11 92 21 52 66 55 73 27 21 67 34 14
replacement/20.png 81 56 52 78 58 59 92 60 73 93 80 96 73 43 14 97 35 85 80 25 91 54 54 4 71 11 92 21 52 66 55 73 27 21 67 34 14
replacement/21.png 81 56 52 78 58 59 92 60 73 93 80 96 73 43 14 97 35 85 80 25 91 54 54 4 71 11 92 21 52 66 55 73 27 21 67 34 14
replacement/22.png 81 56 52 78 58 59 92 60 73 93 80 96 73 43 14 97 35 85 80 25 91 54 54 4 71 11 92 21 52 66 55 73 27 21 67 34 14
replacement/23.png 81 56 52 78 58 59 92 60 73 93 80 96 73 43 14 97 35 85 80 25 91 54 54 4 71 11 92 21 52 66 55 73 27 21 67 34 14
replacement/24.png 81 56 52 78 58 59 92 60 73 93 80 96 73 43 14 97 35 85 80 25 91 54 54 4 71 11 92 21 52 66 55 73 27 21 67 34 14
replacement/25.png 81 56 52 78 58 59 92 60 73 93 80 96 73 43 14 97 35 85 80 25 91 54 54 4 71 11 92 21 52 66 55 73 27 21 67 34 14
replacement/26.png 81 56 52 78 58 59 92 60 73 93 80 96 73 43 14 97 35 85 80 25 91 54 54 4 71 11 92 21 52 66 55 73 27 21 67 34 14
replacement/27.png 81 56 52 78 58 59 92 60 73 93 80 96 73 43 14 97 35 85 80 25 91 54 54 4 71 11 92 21 52 66 55 73 27 21 67 34 14
replacement/28.png 81 56 52 78 58 59 92 60 73 93 80 96 73 43 14 97 35 85 80 25 91 54 54 4 71 11 92 21 52 66 55 73 27 21 67 34 14
replacement/29.png 81 56 52 78 58 59 92 60 73 93 80 96 73 43 14 97 35 85 80 25 91 54 54 4 71 11 92 21 52 66 55 73 27 21 67 34 14
replacement/30.png 81 56 52 78 58 59 92 60 73 93 80 96 73 43 14 97 35 85 80 25 91 54 54 4 71 11 92 21 52 66 55 73 27 21 67 34 14
replacement/31.png 81 56 52 78 58 59 92 60 73 93 80 96 73 43 14 97 35 85 80 25 91 54 54 4 71 11 92 21 52 66 55 73 27 21 67 34 14
replacement/32.png 81 56 52 78 58 59 92 60 73 93 80 96 73 43 14 97 35 85 80 25 91 54 54 4 71 11 92 21 52 66 55 73 27 21 67 34 14
replacement/33.png 81 56 52 78 58 59 92 60 73 93 80 96 73 43 14 97 35 85 80 25 91 54 54 4 71 11 92 21 52 66 55 73 27 21 67 34 14
replacement/34.png 81 56 52 78 58 59 92 60 73 93 80 96 73 43 14 97 35 85 80 25 91 54 54 4 71 11 92 21 52 66 55 73 27 21 67 34 14
replacement/35.png 81 56 52 78 58 59 92 60 73 93 80 96 73 43 14 97 35 85 80 25 91 54 54 4 71 11 92 21 52 66 55 73 27 21 67 34 14
replacement/36.png 81 56 52 78 58 59 92 60 73 93 80 96 73 43 14 97 35 85 80 25 91 54 54 4 71 11 92 21 52 66 55 73 27 21 67 34 14
replacement/37.png 81 56 52 78 58 59 92 60 73 93 80 96 73 43 14 97 35 85 80 25 91 54 54 4 71 11 92 21 52 66 55 73 27 21 67 34 14
replacement/38.png 81 56 52 78 58 59 92 60 73 93 80 96 73 43 14 97 35 85 80 25 91 54 54 4 71 11 92 21 52 66 55 73 27 21 67 34 14
replacement/39.png 81 56 52 78 58 59 92 60 73 93 80 96 73 43 14 97 35 85 80 25 91 54 54 4 71 11 92 21 52 66 55 73 27 21 67 34 14
replacement/40.png 81 56 52 78 58 59 92 60 73 93 80 96 73 43 14 97 35 85 80 25 91 54 54 4 71 11 92 21 52 66 55 73 27 21 67 34 14
replacement/41.png 81 56 52 78 58 59 92 60 73 93 80 96 73 43 14 97 35 85 80 25 91 54 54 4 71 11 92 21 52 66 55 73 27 21 67 34 14
replacement/42.png 81 56 52 78 58 59 92 60 73 93 80 96 73 43 14 97 35 85 80 25 91 54 54 4 71 11 92 21 52 66 55 73 27 21 67 34 14
replacement/43.png 81 56 52 78 58 59 92 60 73 93 80 96 73 43 14 97 35 85 80 25 91 54 54 4 71 11 92 21 52 66 55 73 27 21 67 34 14
replacement/44.png 81 56 52 78 58 59 92 60 73 93 80 96 73 43 14 97 35 85 80 25 91 54 54 4 71 11 92 21 52 66 55 73 27 21 67 34 14
replacement/45.png 81 56 52 78 58 59 92 60 73 93 80 96 73 43 14 97 35 85 80 25 91 54 54 4 71 11 92 21 52 66 55 73 27 21 67 34 14
replacement/46.png 81 56 52 78 58 59 92 60 73 93 80 96 73 43 14 97 35 85 80 25 91 54 54 4 71 11 92 21 52 66 55 73 27 21 67 34 14
replacement/47.png 81 56 52 78 58 59 92 60 73 93 80 96 73 43 14 97 35 85 80 25 91 54 54 4 71 11 92 21 52 66 55 73 27 21 67 34 14
replacement/48.png 81 56 52 78 58 59 92 60 73 93 80 96 73 43 14 97 35 85 80 25 91 54 54 4 71 11 92 21 52 66 55 73 27 21 67 34 14
replacement/49.png 81 56 52 78 58 59 92 60 73 93 80 96 73 43 14 97 35 85 80 25 91 54 54 4 71 11 92 21 52 66 55 73 27 21 67 34 14
replacement/50.png 81 56 52 78 58 59 92 60 73 93 80 96 73 43 14 97 35 85 80 25 91 54 54 4 71 11 92 21 52 66 55 73 27 21 67 34 14
replacement/51.png 81 56 52 78 58 59 92 60 73 93 80 96 73 43 14 97 35 85 80 25 91 54 54 4 71 11 92 21 52 66 55 73 27 21 67 34 14
replacement/52.png 81 56 52 78 58 59 92 60 73 93 80 96 73 43 14 97 35 85 80 25 91 54 54 4 71 11 92 21 52 66 55 73 27 21 67 34 14
replacement/53.png 81 56 52 78 58 59 92 60 73 93 80 96 73 43 14 97 35 85 80 25 91 54 54 4 71 11 92 21 52 66 55 73 27 21 67 34 14
replacement/54.png 81 56 52 78 58 59 92 60 73 93 80 96 73 43 14 97 35 85 80 25 91 54 54 4 71 11 92 21 52 66 55 73 27 21 67 34 14
replacement/55.png 81 56 52 78 58 59 92 60 73 93 80 96 73 43 14 97 35 85 80 25 91 54 54 4 71 11 92 21 52 66 55 73 27 21 67 34 14
replacement/56.png 81 56 52 78 58 59 92 60 73 93 80 96 73 43 14 97 35 85 80 25 91 54 54 4 71 11 92 21 52 66 55 73 27 21 67 34 14
replacement/57.png 81 56 52 78 58 59 92 60 73 93 80 96 73 43 14 97 35 85 80 25 91 54 54 4 71 11 92 21 52 66 55 73 27 21 67 34 14
replacement/58.png 81 56 52 78 58 59 92 60 73 93 80 96 73 43 14 97 35 85 80 25 91 54 54 4 71 11 92 21 52 66 55 73 27 21 67 34 14
replacement/59.png 81 56 52 78 58 59 92 60 73 93 80 96 73 43 14 97 35 85 80 25 91 54 54 4 71 11 92 21 52 66 55 73 27 21 67 34 14
replacement/60.png 81 56 52 78 58 59 92 60 73 93 80 96 73 43 14 97 35 85 80 25 91 54 54 4 71 11 92 21 52 66 55 73 27 21 67 34 14
replacement/61.png 81 56 52 78 58 59 92 60 73 93 80 96 73 43 14 97 35 85 80 25 91 54 54 4 71 11 92 21 52 66 55 73 27 21 67 34 14
/00.png 81 56 52 78 58 59 92 60 73 93 80 96 73 43 14 97 35 85 80 25 91 54 54 4 71 11 92 21 52 66 55 73 27 21 67 34 14
/01.png 81 56 52 78 58 59 92 60 73 93 80 96 73 43 14 97 35 85 80 25 91 54 54 4 71 11 92 21 52 66 55 73 27 21 67 34 14
/02.png 81 56 52 78 58 59 92 60 73 93 80 96 73 43 14 97 35 85 80 25 91 54 54 4 71 11 92 21 52 66 55 73 27 21 67 34 14
/03.png 81 56 52 78 58 59 92 60 73 93 80 96 73 43 14 97 35 85 80 25 91 54 54 4 71 11 92 21 52 66 55 73 27 21 67 34 14
/04.png 81 56 52 78 58 59 92 60 73 93 80 96 73 43 14 97 35 85 80 25 91 54 54 4 71 11 92 21 52 66 55 73 27 21 67 34 14
/05.png 81 56 52 78 58 59 92 60 73 93 80 96 73 43 14 97 35 85 80 25 91 54 54 4 71 11 92 21 52 66 55 73 27 21 67 34 14
/06.png 81 56 52 78 58 59 92 60 73 93 80 96 73 43 14 97 35 85 80 25 91 54 54 4 71 11 92 21 52 66 55 73 27 21 67 34 14
/07.png 81 56 52 78 58 59 92 60 73 93 80 96 73 43 14 97 35 85 80 25 91 54 54 4 71 11 92 21 52 66 55 73 27 21 67 34 14
/08.png 81 56 52 78 58 59 92 60 73 93 80 96 73 43 14 97 35 85 80 25 91 54 54 4 71 11 92 21 52 66 55 73 27 21 67 34 14
/09.png 81 56 52 78 58 59 92 60 73 93 80 96 73 43 14 97 35 85 80 25 91 54 54 4 71 11 92 21 52 66 55 73 27 21 67 34 14
/10.png 81 56 52 78 58 59 92 60 73 93 80 96 73 43 14 97 35 85 80 25 91 54 54 4 71 11 92 21 52 66 55 73 27 21 67 34 14
/11.png 81 56 52 78 58 59 92 60 73 93 80 96 73 43 14 97 35 85 80 25 91 54 54 4 71 11 92 21 52 66 55 73 27 21 67 34 14
/12.png 81 56 52 78 58 59 92 60 73 93 80 96 73 43 14 97 35 85 80 25 91 54 54 4 71 11 92 21 52 66 55 73 27 21 67 34 14
/13.png 81 56 52 78 58 59 92 60 73 93 80 96 73 43 14 97 35 85 80 25 91 54 54 4 71 11 92 21 52 66 55 73 27 21 67 34 14
/14.png 81 56 52 78 58 59 92 60 73 93 80 96 73 43 14 97 35 85 80 25 91 54 54 4 71 11 92 21 52 66 55 73 27 21 67 34 14
/15.png 81 56 52 78 58 59 92 60 73 93 80 96 73 43 14 97 35 85 80 25 91 54 54 4 71 11 92 21 52 66 55 73 27 21 67 34 14
/16.png 81 56 52 78 58 59 92 60 73 93 80 96 73 43 14 97 35 85 80 25 91 54 54 4 71 11 92 21 52 66 55 73 27 21 67 34 14
/17.png 81 56 52 78 58 59 92 60 73 93 80 96 73 43 14 97 35 85 80 25 91 54 54 4 71 11 92 21 52 66 55 73 27 21 67 34 14
/18.png 81 56 52 78 58 59 92 60 73 93 80 96 73 43 14 97 35 85 80 25 91 54 54 4 71 11 92 21 52 66 55 73 27 21 67 34 14
/19.png 81 56 52 78 58 59 92 60 73 93 80 96 73 43 14 97 35 85 80 25 91 54 54 4 71 11 92 21 52 66 55 73 27 21 67 34 14
/20.png 81 56 52 78 58 59 92 60 73 93 80 96 73 43 14 97 35 85 80 25 91 54 54 4 71 11 92 21 52 66 55 73 27 21 67 34 14
/21.png 81 56 52 78 58 59 92 60 73 93 80 96 73 43 14 97 35 85 80 25 91 54 54 4 71 11 92 21 52 66 55 73 27 21 67 34 14
/22.png 81 56 52 78 58 59 92 60 73 93 80 96 73 43 14 97 35 85 80 25 91 54 54 4 71 11 92 21 52 66 55 73 27 21 67 34 14
/23.png 81 56 52 78 58 59 92 60 73 93 80 96 73 43 14 97 35 85 80 25 91 54 54 4 71 11 92 21 52 66 55 73 27 21 67 34 14
/24.png 81 56 52 78 58 59 92 60 73 93 80 96 73 43 14 97 35 85 80 25 91 54 54 4 71 11 92 21 52 66 55 73 27 21 67 34 14
/25.png 81 56 52 78 58 59 92 60 73 93 80 96 73 43 14 97 35 85 80 25 91 54 54 4 71 11 92 21 52 66 55 73 27 21 67 34 14
/26.png 81 56 52 78 58 59 92 60 73 93 80 96 73 43 14 97 35 85 80 25 91 54 54 4 71 11 92 21 52 66 55 73 27 21 67 34 14
/27.png 81 56 52 78 58 59 92 60 73 93 80 96 73 43 14 97 35 85 80 25 91 54 54 4 71 11 92 21 52 66 55 73 27 21 67 34 14
/28.png 81 56 52 78 58 59 92 60 73 93 80 96 73 43 14 97 35 85 80 25 91 54 54 4 71 11 92 21 52 66 55 73 27 21 67 34 14
/29.png 81 56 52 78 58 59 92 60 73 93 80 96 73 43 14 97 35 85 80 25 91 54 54 4 71 11 92 21 52 66 55 73 27 21 67 34 14
/30.png 81 56 52 78 58 59 92 60 73 93 80 96 73 43 14 97 35 85 80 25 91 54 54 4 71 11 92 21 52 66 55 73 27 21 67 34 14
/31.png 81 56 52 78 58 59 92 60 73 93 80 96 73 43 14 97 35 85 80 25 91 54 54 4 71 11 92 21 52 66 55 73 27 21 67 34 14
/32.png 81 56 52 78 58 59 92 60 73 93 80 96 73 43 14 97 35 85 80 25 91 54 54 4 71 11 92 21 52 66 55 73 27 21 67 34 14
/33.png 81 56 52 78 58 59 92 60 73 93 80 96 73 43 14 97 35 85 80 25 91 54 54 4 71 11 92 21 52 66 55 73 27 21 67 34 14
/34.png 81 56 52 78 58 59 92 60 73 93 80 96 73 43 14 97 35 85 80 25 91 54 54 4 71 11 92 21 52 66 55 73 27 21 67 34 14
/35.png 81 56 52 78 58 59 92 60 73 93 80 96 73 43 14 97 35 85 80 25 91 54 54 4 71 11 92 21 52 66 55 73 27 21 67 34 14
/36.png 81 56 52 78 58 59 92 60 73 93 80 96 73 43 14 97 35 85 80 25 91 54 54 4 71 11 92 21 52 66 55 73 27 21 67 34 14
/37.png 81 56 52 78 58 59 92 60 73 93 80 96 73 43 14 97 35 85 80 25 91 54 54 4 71 11 92 21 52 66 55 73 27 21 67 34 14
/38.png 81 56 52 78 58 59 92 60 73 93 80 96 73 43 14 97 35 85 80 25 91 54 54 4 71 11 92 21 52 66 55 73 27 21 67 34 14
/39.png 81 56 52 78 58 59 92 60 73 93 80 96 73 43 14 97 35 85 80 25 91 54 54 4 71 11 92 21 52 66 55 73 27 21 67 34 14
/40.png 81 56 52 78 58 59 92 60 73 93 80 96 73 43 14 97 35 85 80 25 91 54 54 4 71 11 92 21 52 66 55 73 27 21 67 34 14
/41.png 81 56 52 78 58 59 92 60 73 93 80 96 73 43 14 97 35 85 80 25 91 54 54 4 71 11 92 21 52 66 55 73 27 21 67 34 14
/42.png 81 56 52 78 58 59 92 60 73 93 80 96 73 43 14 97 35 85 80 25 91 54 54 4 71 11 92 21 52 66 55 73 27 21 67 34 14
/43.png 81 56 52 78 58 59 92 60 73 93 80 96 73 43 14 97 35 85 80 25 91 54 54 4 71 11 92 21 52 66 55 73 27 21 67 34 14
/44.png 81 56 52 78 58 59 92 60 73 93 80 96 73 43 14 97 35 85 80 25 91 54 54 4 71 11 92 21 52 66 55 73 27 21 67 34 14
/45.png 81 56 52 78 58 59 92 60 73 93 80 96 73 43 14 97 35 85 80 25 91 54 54 4 71 11 92 21 52 66 55 73 27 21 67 34 14
/46.png 81 56 52 78 58 59 92 60 73 93 80 96 73 43 14 97 35 85 80 25 91 54 54 4 71 11 92 21 52 66 55 73 27 21 67 34 14
/47.png 81 56 52 78 58 59 92 60 73 93 80 96 73 43 14 97 35 85 80 25 91 54 54 4 71 11 92 21 52 66 55 73 27 21 67 34 14
/48.png 81 56 52 78 58 59 92 60 73 93 80 96 73 43 14 97 35 85 80 25 91 54 54 4 71 11 92 21 52 66 55 73 27 21 67 34 14
/49.png 81 56 52 78 58 59 92 60 73 93 80 96 73 43 14 97 35 85 80 25 91 54 54 4 71 11 92 21 52 66 55 73 27 21 67 34 14
/50.png 81 56 52 78 58 59 92 60 73 93 80 96 73 43 14 97 35 85 80 25 91 54 54 4 71 11 92 21 52 66 55 73 27 21 67 34 14
/51.png 81 56 52 78 58 59 92 60 73 93 80 96 73 43 14 97 35 85 80 25 91 54 54 4 71 11 92 21 52 66 55 73 27 21 67 34 14
/52.png 81 56 52 78 58 59 92 60 73 93 80 96 73 43 14 97 35 85 80 25 91 54 54 4 71 11 92 21 52 66 55 73 27 21 67 34 14
/53.png 81 56 52 78 58 59 92 60 73 93 80 96 73 43 14 97 35 85 80 25 91 54 54 4 71 11 92 21 52 66 55 73 27 21 67 34 14
/54.png 81 56 52 78 58 59 92 60 73 93 80 96 73 43 14 97 35 85 80 25 91 54 54 4 71 11 92 21 52 66 55 73 27 21 67 34 14
/55.png 81 56 52 78 58 59 92 60 73 93 80 96 73 43 14 97 35 85 80 25 91 54 54 4 71 11 92 21 52 66 55 73 27 21 67 34 14
/56.png 81 56 52 78 58 59 92 60 73 93 80 96 73 43 14 97 35 85 80 25 91 54 54 4 71 11 92 21 52 66 55 73 27 21 67 34 14
/57.png 81 56 52 78 58 59 92 60 73 93 80 96 73 43 14 97 35 85 80 25 91 54 54 4 71 11 92 21 52 66 55 73 27 21 67 34 14
/58.png 81 56 52 78 58 59 92 60 73 93 80 96 73 43 14 97 35 85 80 25 91 54 54 4 71 11 92 21 52 66 55 73 27 21 67 34 14
/59.png 81 56 52 78 58 59 92 60 73 93 80 96 73 43 14 97 35 85 80 25 91 54 54 4 71 11 92 21 52 66 55 73 27 21 67 34 14
/60.png 81 56 52 78 58 59 92 60 73 93 80 96 73 43 14 97 35 85 80 25 91 54 54 4 71 11 92 21 52 66 55 73 27 21 67 34 14
/61.png 81 56 52 78 58 59 92 60 73 93 80 96 73 43 14 97 35 85 80 25 91 54 54 4 71 11 92 21 52 66 55 73 27 21 67 34 14
ABeeZee-Regular/00.png 34 20 35 32 28 51 57 29 31 31 15 24 49 50 39 40 65 53 76 59 51 53 20 68 56 33 47 32 31 35 33 52 51 36 37 68 60
ABeeZee-Regular/01.png 34 20 35 32 28 51 57 29 31 31 15 24 49 50 39 40 65 53 76 59 51 53 20 68 56 33 47 32 31 35 33 52 51 36 37 68 60
ABeeZee-Regular/02.png 34 20 35 32 28 51 57 29 31 31 15 24 49 50 39 40 65 53 76 59 51 53 20 68 56 33 47 32 31 35 33 52 51 36 37 68 60
ABeeZee-Regular/03.png 34 20 35 32 28 51 57 29 31 31 15 24 49 50 39 40 65 53 76 59 51 53 20 68 56 33 47 32 31 35 33 52 51 36 37 68 60
ABeeZee-Regular/04.png 34 20 35 32 28 51 57 29 31 31 15 24 49 50 39 40 65 53 76 59 51 53 20 68 56 33 47 32 31 35 33 52 51 36 37 68 60
ABeeZee-Regular/05.png 34 20 35 32 28 51 57 29 31 31 15 24 49 50 39 40 65 53 76 59 51 53 20 68 56 33 47 32 31 35 33 52 51 36 37 68 60
ABeeZee-Regular/06.png 34 20 35 32 28 51 57 29 31 31 15 24 49 50 39 40 65 53 76 59 51 53 20 68 56 33 47 32 31 35 33 52 51 36 37 68 60
ABeeZee-Regular/07.png 34 20 35 32 28 51 57 29 31 31 15 24 49 50 39 40 65 53 76 59 51 53 20 68 56 33 47 32 31 35 33 52 51 36 37 68 60
ABeeZee-Regular/08.png 34 20 35 32 28 51 57 29 31 31 15 24 49 50 39 40 65 53 76 59 51 53 20 68 56 33 47 32 31 35 33 52 51 36 37 68 60
ABeeZee-Regular/09.png 34 20 35 32 28 51 57 29 31 31 15 24 49 50 39 40 65 53 76 59 51 53 20 68 56 33 47 32 31 35 33 52 51 36 37 68 60
ABeeZee-Regular/10.png 34 20 35 32 28 51 57 29 31 31 15 24 49 50 39 40 65 53 76 59 51 53 20 68 56 33 47 32 31 35 33 52 51 36 37 68 60
ABeeZee-Regular/11.png 34 20 35 32 28 51 57 29 31 31 15 24 49 50 39 40 65 53 76 59 51 53 20 68 56 33 47 32 31 35 33 52 51 36 37 68 60
ABeeZee-Regular/12.png 34 20 35 32 28 51 57 29 31 31 15 24 49 50 39 40 65 53 76 59 51 53 20 68 56 33 47 32 31 35 33 52 51 36 37 68 60
ABeeZee-Regular/13.png 34 20 35 32 28 51 57 29 31 31 15 24 49 50 39 40 65 53 76 59 51 53 20 68 56 33 47 32 31 35 33 52 51 36 37 68 60
ABeeZee-Regular/14.png 34 20 35 32 28 51 57 29 31 31 15 24 49 50 39 40 65 53 76 59 51 53 20 68 56 33 47 32 31 35 33 52 51 36 37 68 60
ABeeZee-Regular/15.png 34 20 35 32 28 51 57 29 31 31 15 24 49 50 39 40 65 53 76 59 51 53 20 68 56 33 47 32 31 35 33 52 51 36 37 68 60
ABeeZee-Regular/16.png 34 20 35 32 28 51 57 29 31 31 15 24 49 50 39 40 65 53 76 59 51 53 20 68 56 33 47 32 31 35 33 52 51 36 37 68 60
ABeeZee-Regular/17.png 34 20 35 32 28 51 57 29 31 31 15 24 49 50 39 40 65 53 76 59 51 53 20 68 56 33 47 32 31 35 33 52 51 36 37 68 60
ABeeZee-Regular/18.png 34 20 35 32 28 51 57 29 31 31 15 24 49 50 39 40 65 53 76 59 51 53 20 68 56 33 47 32 31 35 33 52 51 36 37 68 60
ABeeZee-Regular/19.png 34 20 35 32 28 51 57 29 31 31 15 24 49 50 39 40 65 53 76 59 51 53 20 68 56 33 47 32 31 35 33 52 51 36 37 68 60
ABeeZee-Regular/20.png 34 20 35 32 28 51 57 29 31 31 15 24 49 50 39 40 65 53 76 59 51 53 20 68 56 33 47 32 31 35 33 52 51 36 37 68 60
ABeeZee-Regular/21.png 34 20 35 32 28 51 57 29 31 31 15 24 49 50 39 40 65 53 76 59 51 53 20 68 56 33 47 32 31 35 33 52 51 36 37 68 60
ABeeZee-Regular/22.png 34 20 35 32 28 51 57 29 31 31 15 24 49 50 39 40 65 53 76 59 51 53 20 68 56 33 47 32 31 35 33 52 51 36 37 68 60
ABeeZee-Regular/23.png 34 20 35 32 28 51 57 29 31 31 15 24 49 50 39 40 65 53 76 59 51 53 20 68 56 33 47 32 31 35 33 52 51 36 37 68 60
ABeeZee-Regular/24.png 34 20 35 32 28 51 57 29 31 31 15 24 49 50 39 40 65 53 76 59 51 53 20 68 56 33 47 32 31 35 33 52 51 36 37 68 60
ABeeZee-Regular/25.png 34 20 35 32 28 51 57 29 31 31 15 24 49 50 39 40 65 53 76 59 51 53 20 68 56 33 47 32 31 35 33 52 51 36 37 68 60
ABeeZee-Regular/26.png 34 20 35 32 28 51 57 29 31 31 15 24 49 50 39 40 65 53 76 59 51 53 20 68 56 33 47 32 31 35 33 52 51 36 37 68 60
ABeeZee-Regular/27.png 34 20 35 32 28 51 57 29 31 31 15 24 49 50 39 40 65 53 76 59 51 53 20 68 56 33 47 32 31 35 33 52 51 36 37 68 60
ABeeZee-Regular/28.png 34 20 35 32 28 51 57 29 31 31 15 24 49 50 39 40 65 53 76 59 51 53 20 68 56 33 47 32 31 35 33 52 51 36 37 68 60
ABeeZee-Regular/29.png 34 20 35 32 28 51 57 29 31 31 15 24 49 50 39 40 65 53 76 59 51 53 20 68 56 33 47 32 31 35 33 52 51 36 37 68 60
ABeeZee-Regular/30.png 34 20 35 32 28 51 57 29 31 31 15 24 49 50 39 40 65 53 76 59 51 53 20 68 56 33 47 32 31 35 33 52 51 36 37 68 60
ABeeZee-Regular/31.png 34 20 35 32 28 51 57 29 31 31 15 24 49 50 39 40 65 53 76 59 51 53 20 68 56 33 47 32 31 35 33 52 51 36 37 68 60
ABeeZee-Regular/32.png 34 20 35 32 28 51 57 29 31 31 15 24 49 50 39 40 65 53 76 59 51 53 20 68 56 33 47 32 31 35 33 52 51 36 37 68 60
ABeeZee-Regular/33.png 34 20 35 32 28 51 57 29 31 31 15 24 49 50 39 40 65 53 76 59 51 53 20 68 56 33 47 32 31 35 33 52 51 36 37 68 60
ABeeZee-Regular/34.png 34 20 35 32 28 51 57 29 31 31 15 24 49 50 39 40 65 53 76 59 51 53 20 68 56 33 47 32 31 35 33 52 51 36 37 68 60
ABeeZee-Regular/35.png 34 20 35 32 28 51 57 29 31 31 15 24 49 50 39 40 65 53 76 59 51 53 20 68 56 33 47 32 31 35 33 52 51 36 37 68 60
ABeeZee-Regular/36.png 34 20 35 32 28 51 57 29 31 31 15 24 49 50 39 40 65 53 76 59 51 53 20 68 56 33 47 32 31 35 33 52 51 36 37 68 60
ABeeZee-Regular/37.png 34 20 35 32 28 51 57 29 31 31 15 24 49 50 39 40 65 53 76 59 51 53 20 68 56 33 47 32 31 35 33 52 51 36 37 68 60
ABeeZee-Regular/38.png 34 20 35 32 28 51 57 29 31 31 15 24 49 50 39 40 65 53 76 59 51 53 20 68 56 33 47 32 31 35 33 52 51 36 37 68 60
ABeeZee-Regular/39.png 34 20 35 32 28 51 57 29 31 31 15 24 49 50 39 40 65 53 76 59 51 53 20 68 56 33 47 32 31 35 33 52 51 36 37 68 60
ABeeZee-Regular/40.png 34 20 35 32 28 51 57 29 31 31 15 24 49 50 39 40 65 53 76 59 51 53 20 68 56 33 47 32 31 35 33 52 51 36 37 68 60
ABeeZee-Regular/41.png 34 20 35 32 28 51 57 29 31 31 15 24 49 50 39 40 65 53 76 59 51 53 20 68 56 33 47 32 31 35 33 52 51 36 37 68 60
ABeeZee-Regular/42.png 34 20 35 32 28 51 57 29 31 31 15 24 49 50 39 40 65 53 76 59 51 53 20 68 56 33 47 32 31 35 33 52 51 36 37 68 60
ABeeZee-Regular/43.png 34 20 35 32 28 51 57 29 31 31 15 24 49 50 39 40 65 53 76 59 51 53 20 68 56 33 47 32 31 35 33 52 51 36 37 68 60
ABeeZee-Regular/44.png 34 20 35 32 28 51 57 29 31 31 15 24 49 50 39 40 65 53 76 59 51 53 20 68 56 33 47 32 31 35 33 52 51 36 37 68 60
ABeeZee-Regular/45.png 34 20 35 32 28 51 57 29 31 31 15 24 49 50 39 40 65 53 76 59 51 53 20 68 56 33 47 32 31 35 33 52 51 36 37 68 60
ABeeZee-Regular/46.png 34 20 35 32 28 51 57 29 31 31 15 24 49 50 39 40 65 53 76 59 51 53 20 68 56 33 47 32 31 35 33 52 51 36 37 68 60
ABeeZee-Regular/47.png 34 20 35 32 28 51 57 29 31 31 15 24 49 50 39 40 65 53 76 59 51 53 20 68 56 33 47 32 31 35 33 52 51 36 37 68 60
ABeeZee-Regular/48.png 34 20 35 32 28 51 57 29 31 31 15 24 49 50 39 40 65 53 76 59 51 53 20 68 56 33 47 32 31 35 33 52 51 36 37 68 60
ABeeZee-Regular/49.png 34 20 35 32 28 51 57 29 31 31 15 24 49 50 39 40 65 53 76 59 51 53 20 68 56 33 47 32 31 35 33 52 51 36 37 68 60
ABeeZee-Regular/50.png 34 20 35 32 28 51 57 29 31 31 15 24 49 50 39 40 65 53 76 59 51 53 20 68 56 33 47 32 31 35 33 52 51 36 37 68 60
ABeeZee-Regular/51.png 34 20 35 32 28 51 57 29 31 31 15 24 49 50 39 40 65 53 76 59 51 53 20 68 56 33 47 32 31 35 33 52 51 36 37 68 60
ABeeZee-Regular/52.png 34 20 35 32 28 51 57 29 31 31 15 24 49 50 39 40 65 53 76 59 51 53 20 68 56 33 47 32 31 35 33 52 51 36 37 68 60
ABeeZee-Regular/53.png 34 20 35 32 28 51 57 29 31 31 15 24 49 50 39 40 65 53 76 59 51 53 20 68 56 33 47 32 31 35 33 52 51 36 37 68 60
ABeeZee-Regular/54.png 34 20 35 32 28 51 57 29 31 31 15 24 49 50 39 40 65 53 76 59 51 53 20 68 56 33 47 32 31 35 33 52 51 36 37 68 60
ABeeZee-Regular/55.png 34 20 35 32 28 51 57 29 31 31 15 24 49 50 39 40 65 53 76 59 51 53 20 68 56 33 47 32 31 35 33 52 51 36 37 68 60
ABeeZee-Regular/56.png 34 20 35 32 28 51 57 29 31 31 15 24 49 50 39 40 65 53 76 59 51 53 20 68 56 33 47 32 31 35 33 52 51 36 37 68 60
ABeeZee-Regular/57.png 34 20 35 32 28 51 57 29 31 31 15 24 49 50 39 40 65 53 76 59 51 53 20 68 56 33 47 32 31 35 33 52 51 36 37 68 60
ABeeZee-Regular/58.png 34 20 35 32 28 51 57 29 31 31 15 24 49 50 39 40 65 53 76 59 51 53 20 68 56 33 47 32 31 35 33 52 51 36 37 68 60
ABeeZee-Regular/59.png 34 20 35 32 28 51 57 29 31 31 15 24 49 50 39 40 65 53 76 59 51 53 20 68 56 33 47 32 31 35 33 52 51 36 37 68 60
ABeeZee-Regular/60.png 34 20 35 32 28 51 57 29 31 31 15 24 49 50 39 40 65 53 76 59 51 53 20 68 56 33 47 32 31 35 33 52 51 36 37 68 60
ABeeZee-Regular/61.png 34 20 35 32 28 51 57 29 31 31 15 24 49 50 39 40 65 53 76 59 51 53 20 68 56 33 47 32 31 35 33 52 51 36 37 68 60
